0000000: 01110011 01110000 01100101 01100011 01101001 01100001  specia
0000006: 01101100 00101110 01100011 00000000 00000000 00000000  l.c...
000000c: 00000000 00000000 00000000 00000000 00000000 00000000  ......
0000012: 00000000 00000000 00000000 00000000 00000000 00000000  ......
0000018: 00000000 00000000 00000000 00000000 00000000 00000000  ......
000001e: 00000000 00000000 00000000 00000000 00000000 00000000  ......
0000024: 00000000 00000000 00000000 00000000 00000000 00000000  ......
000002a: 00000000 00000000 00000000 00000000 00000000 00000000  ......
0000030: 00000000 00000000 00000000 00000000 00000000 00000000  ......
0000036: 00000000 00000000 00000000 00000000 00000000 00000000  ......
000003c: 00000000 00000000 00000000 00000000 00000000 00000000  ......
0000042: 00000000 00000000 00000000 00000000 00000000 00000000  ......
0000048: 00000000 00000000 00000000 00000000 00000000 00000000  ......
000004e: 00000000 00000000 00000000 00000000 00000000 00000000  ......
0000054: 00000000 00000000 00000000 00000000 00000000 00000000  ......
000005a: 00000000 00000000 00000000 00000000 00000000 00000000  ......
0000060: 00000000 00000000 00000000 00000000 00110000 00110000  ....00
0000066: 00110000 00110000 00110110 00110000 00110000 00000000  00600.
000006c: 10000000 00000000 00000000 00000000 00000000 00101110  ......
0000072: 11001000 11001001 00110000 00110000 00110010 00110011  ..0023
0000078: 00110100 00110001 00110111 00000000 00110000 00110000  417.00
000007e: 00110000 00110000 00110000 00110000 00110000 00110010  000002
0000084: 00110110 00110111 00110001 00000000 00110001 00110011  671.13
000008a: 00110100 00110011 00110101 00110011 00110110 00110011  435363
0000090: 00110010 00110010 00110100 00000000 00110000 00110000  224.00
0000096: 00110001 00110100 00110000 00110110 00110011 00000000  14063.
000009c: 00110000 00000000 00000000 00000000 00000000 00000000  0.....
00000a2: 00000000 00000000 00000000 00000000 00000000 00000000  ......
00000a8: 00000000 00000000 00000000 00000000 00000000 00000000  ......
00000ae: 00000000 00000000 00000000 00000000 00000000 00000000  ......
00000b4: 00000000 00000000 00000000 00000000 00000000 00000000  ......
00000ba: 00000000 00000000 00000000 00000000 00000000 00000000  ......
00000c0: 00000000 00000000 00000000 00000000 00000000 00000000  ......
00000c6: 00000000 00000000 00000000 00000000 00000000 00000000  ......
00000cc: 00000000 00000000 00000000 00000000 00000000 00000000  ......
00000d2: 00000000 00000000 00000000 00000000 00000000 00000000  ......
00000d8: 00000000 00000000 00000000 00000000 00000000 00000000  ......
00000de: 00000000 00000000 00000000 00000000 00000000 00000000  ......
00000e4: 00000000 00000000 00000000 00000000 00000000 00000000  ......
00000ea: 00000000 00000000 00000000 00000000 00000000 00000000  ......
00000f0: 00000000 00000000 00000000 00000000 00000000 00000000  ......
00000f6: 00000000 00000000 00000000 00000000 00000000 00000000  ......
00000fc: 00000000 00000000 00000000 00000000 00000000 01110101  .....u
0000102: 01110011 01110100 01100001 01110010 00000000 00110000  star.0
0000108: 00110000 01100010 01100110 01101011 01110111 01101111  0bfkwo
000010e: 01101110 01100111 00000000 00000000 00000000 00000000  ng....
0000114: 00000000 00000000 00000000 00000000 00000000 00000000  ......
000011a: 00000000 00000000 00000000 00000000 00000000 00000000  ......
0000120: 00000000 00000000 00000000 00000000 00000000 00000000  ......
0000126: 00000000 00000000 00000000 01100100 01101111 01101101  ...dom
000012c: 01100001 01101001 01101110 00100000 01110101 01110011  ain us
0000132: 01100101 01110010 01110011 00000000 00000000 00000000  ers...
0000138: 00000000 00000000 00000000 00000000 00000000 00000000  ......
000013e: 00000000 00000000 00000000 00000000 00000000 00000000  ......
0000144: 00000000 00000000 00000000 00000000 00000000 00000000  ......
000014a: 00000000 00000000 00000000 00000000 00000000 00000000  ......
0000150: 00000000 00000000 00000000 00000000 00000000 00000000  ......
0000156: 00000000 00000000 00000000 00000000 00000000 00000000  ......
000015c: 00000000 00000000 00000000 00000000 00000000 00000000  ......
0000162: 00000000 00000000 00000000 00000000 00000000 00000000  ......
0000168: 00000000 00000000 00000000 00000000 00000000 00000000  ......
000016e: 00000000 00000000 00000000 00000000 00000000 00000000  ......
0000174: 00000000 00000000 00000000 00000000 00000000 00000000  ......
000017a: 00000000 00000000 00000000 00000000 00000000 00000000  ......
0000180: 00000000 00000000 00000000 00000000 00000000 00000000  ......
0000186: 00000000 00000000 00000000 00000000 00000000 00000000  ......
000018c: 00000000 00000000 00000000 00000000 00000000 00000000  ......
0000192: 00000000 00000000 00000000 00000000 00000000 00000000  ......
0000198: 00000000 00000000 00000000 00000000 00000000 00000000  ......
000019e: 00000000 00000000 00000000 00000000 00000000 00000000  ......
00001a4: 00000000 00000000 00000000 00000000 00000000 00000000  ......
00001aa: 00000000 00000000 00000000 00000000 00000000 00000000  ......
00001b0: 00000000 00000000 00000000 00000000 00000000 00000000  ......
00001b6: 00000000 00000000 00000000 00000000 00000000 00000000  ......
00001bc: 00000000 00000000 00000000 00000000 00000000 00000000  ......
00001c2: 00000000 00000000 00000000 00000000 00000000 00000000  ......
00001c8: 00000000 00000000 00000000 00000000 00000000 00000000  ......
00001ce: 00000000 00000000 00000000 00000000 00000000 00000000  ......
00001d4: 00000000 00000000 00000000 00000000 00000000 00000000  ......
00001da: 00000000 00000000 00000000 00000000 00000000 00000000  ......
00001e0: 00000000 00000000 00000000 00000000 00000000 00000000  ......
00001e6: 00000000 00000000 00000000 00000000 00000000 00000000  ......
00001ec: 00000000 00000000 00000000 00000000 00000000 00000000  ......
00001f2: 00000000 00000000 00000000 00000000 00000000 00000000  ......
00001f8: 00000000 00000000 00000000 00000000 00000000 00000000  ......
00001fe: 00000000 00000000 00100011 01101001 01101110 01100011  ..#inc
0000204: 01101100 01110101 01100100 01100101 00100000 00100010  lude "
000020a: 01101101 01111001 01110100 01100001 01110010 00101110  mytar.
0000210: 01101000 00100010 00001010 00001010 00101111 00101010  h"../*
0000216: 01110011 01110100 01100001 01110100 01101001 01100011  static
000021c: 00100000 01110101 01101001 01101110 01110100 00110011   uint3
0000222: 00110010 01011111 01110100 00100000 01100101 01111000  2_t ex
0000228: 01110100 01110010 01100001 01100011 01110100 01011111  tract_
000022e: 01110011 01110000 01100101 01100011 01101001 01100001  specia
0000234: 01101100 01011111 01101001 01101110 01110100 00101000  l_int(
000023a: 01100011 01101000 01100001 01110010 00100000 00101010  char *
0000240: 01110111 01101000 01100101 01110010 01100101 00101100  where,
0000246: 00100000 01101001 01101110 01110100 00100000 01101100   int l
000024c: 01100101 01101110 00101001 00111011 00101010 00101111  en);*/
0000252: 00001010 00001010 00101111 00101010 01110011 01110100  ../*st
0000258: 01100001 01110100 01101001 01100011 00100000 01110101  atic u
000025e: 01101001 01101110 01110100 00110011 00110010 01011111  int32_
0000264: 01110100 00100000 01100101 01111000 01110100 01110010  t extr
000026a: 01100001 01100011 01110100 01011111 01110011 01110000  act_sp
0000270: 01100101 01100011 01101001 01100001 01101100 01011111  ecial_
0000276: 01101001 01101110 01110100 00101000 01100011 01101000  int(ch
000027c: 01100001 01110010 00100000 00101010 01110111 01101000  ar *wh
0000282: 01100101 01110010 01100101 00101100 00100000 01101001  ere, i
0000288: 01101110 01110100 00100000 01101100 01100101 01101110  nt len
000028e: 00101001 00100000 01111011 00001010 00001010 00100000  ) {.. 
0000294: 00100000 01101001 01101110 01110100 00110011 00110010   int32
000029a: 01011111 01110100 00100000 01110110 01100001 01101100  _t val
00002a0: 00111101 00100000 00101101 00110001 00111011 00001010  = -1;.
00002a6: 00100000 00100000 01101001 01100110 00100000 00101000    if (
00002ac: 00100000 00101000 01101100 01100101 01101110 00100000   (len 
00002b2: 00111110 00111101 00100000 01110011 01101001 01111010  >= siz
00002b8: 01100101 01101111 01100110 00101000 01110110 01100001  eof(va
00002be: 01101100 00101001 00101001 00100000 00100110 00100110  l)) &&
00002c4: 00100000 00101000 01110111 01101000 01100101 01110010   (wher
00002ca: 01100101 01011011 00110000 01011101 00100000 00100110  e[0] &
00002d0: 00100000 00110000 01111000 00111000 00110000 00101001   0x80)
00002d6: 00101001 00100000 01111011 00001010 00001010 00100000  ) {.. 
00002dc: 00100000 00100000 00100000 01110110 01100001 01101100     val
00002e2: 00100000 00111101 00100000 00101010 00101000 01101001   = *(i
00002e8: 01101110 01110100 00110011 00110010 01011111 01110100  nt32_t
00002ee: 00100000 00101010 00101001 00101000 01110111 01101000   *)(wh
00002f4: 01100101 01110010 01100101 00101011 01101100 01100101  ere+le
00002fa: 01101110 00101101 01110011 01101001 01111010 01100101  n-size
0000300: 01101111 01100110 00101000 01110110 01100001 01101100  of(val
0000306: 00101001 00101001 00111011 00001010 00100000 00100000  ));.  
000030c: 00100000 00100000 01110110 01100001 01101100 00100000    val 
0000312: 00111101 00100000 01101110 01110100 01101111 01101000  = ntoh
0000318: 01101100 00101000 01110110 01100001 01101100 00101001  l(val)
000031e: 00111011 00001010 00100000 00100000 01111101 00001010  ;.  }.
0000324: 00100000 00100000 01110010 01100101 01110100 01110101    retu
000032a: 01110010 01101110 00100000 01110110 01100001 01101100  rn val
0000330: 00111011 00001010 01111101 00101010 00101111 00001010  ;.}*/.
0000336: 00001010 01101001 01101110 01110100 00100000 01101001  .int i
000033c: 01101110 01110011 01100101 01110010 01110100 01011111  nsert_
0000342: 01110011 01110000 01100101 01100011 01101001 01100001  specia
0000348: 01101100 01011111 01101001 01101110 01110100 00101000  l_int(
000034e: 01100011 01101000 01100001 01110010 00100000 00101010  char *
0000354: 01110111 01101000 01100101 01110010 01100101 00101100  where,
000035a: 00100000 01110011 01101001 01111010 01100101 01011111   size_
0000360: 01110100 00100000 01110011 01101001 01111010 01100101  t size
0000366: 00101100 00100000 01101001 01101110 01110100 00110011  , int3
000036c: 00110010 01011111 01110100 00100000 01110110 01100001  2_t va
0000372: 01101100 00101001 00100000 01111011 00001010 00100000  l) {. 
0000378: 00100000 00100000 00100000 00101111 00101010 00100000     /* 
000037e: 01000110 01101111 01110010 00100000 01101001 01101110  For in
0000384: 01110100 01100101 01110010 01101111 01110000 01100101  terope
000038a: 01110010 01100001 01100010 01101001 01101100 01101001  rabili
0000390: 01110100 01111001 00100000 01110111 01101001 01110100  ty wit
0000396: 01101000 00100000 01000111 01001110 01010101 00100000  h GNU 
000039c: 01110100 01100001 01110010 00101110 00100000 00100000  tar.  
00003a2: 01000111 01001110 01010101 00100000 01110011 01100101  GNU se
00003a8: 01100101 01101101 01110011 00100000 01110100 01101111  ems to
00003ae: 00001010 00100000 00100000 00100000 00100000 00100000  .     
00003b4: 00101010 00100000 01110011 01100101 01110100 00100000  * set 
00003ba: 01110100 01101000 01100101 00100000 01101000 01101001  the hi
00003c0: 01100111 01101000 00101101 01101111 01110010 01100100  gh-ord
00003c6: 01100101 01110010 00100000 01100010 01101001 01110100  er bit
00003cc: 00100000 01101111 01100110 00100000 01110100 01101000   of th
00003d2: 01100101 00100000 01100110 01101001 01110010 01110011  e firs
00003d8: 01110100 00100000 01100010 01111001 01110100 01100101  t byte
00003de: 00101100 00100000 01110100 01101000 01100101 01101110  , then
00003e4: 00001010 00100000 00100000 00100000 00100000 00100000  .     
00003ea: 00101010 00100000 01110100 01110010 01100101 01100001  * trea
00003f0: 01110100 00100000 01110100 01101000 01100101 00100000  t the 
00003f6: 01110010 01100101 01110011 01110100 00100000 01101111  rest o
00003fc: 01100110 00100000 01110100 01101000 01100101 00100000  f the 
0000402: 01100110 01101001 01100101 01101100 01100100 00100000  field 
0000408: 01100001 01110011 00100000 01100001 00100000 01100010  as a b
000040e: 01101001 01101110 01100001 01110010 01111001 00100000  inary 
0000414: 01101001 01101110 01110100 01100101 01100111 01100101  intege
000041a: 01110010 00001010 00100000 00100000 00100000 00100000  r.    
0000420: 00100000 00101010 00100000 01101001 01101110 00100000   * in 
0000426: 01101110 01100101 01110100 01110111 01101111 01110010  networ
000042c: 01101011 00100000 01100010 01111001 01110100 01100101  k byte
0000432: 00100000 01101111 01110010 01100100 01100101 01110010   order
0000438: 00101110 00001010 00100000 00100000 00100000 00100000  ..    
000043e: 00100000 00101010 00100000 01001001 01101110 01110011   * Ins
0000444: 01100101 01110010 01110100 00100000 01110100 01101000  ert th
000044a: 01100101 00100000 01100111 01101001 01110110 01100101  e give
0000450: 01101110 00100000 01101001 01101110 01110100 01100101  n inte
0000456: 01100111 01100101 01110010 00100000 01101001 01101110  ger in
000045c: 01110100 01101111 00100000 01110100 01101000 01100101  to the
0000462: 00100000 01100111 01101001 01110110 01100101 01101110   given
0000468: 00100000 01100110 01101001 01100101 01101100 01100100   field
000046e: 00001010 00100000 00100000 00100000 00100000 00100000  .     
0000474: 00101010 00100000 01110101 01110011 01101001 01101110  * usin
000047a: 01100111 00100000 01110100 01101000 01101001 01110011  g this
0000480: 00100000 01110100 01100101 01100011 01101000 01101110   techn
0000486: 01101001 01110001 01110101 01100101 00101110 00100000  ique. 
000048c: 00100000 01010010 01100101 01110100 01110101 01110010   Retur
0000492: 01101110 01110011 00100000 00110000 00100000 01101111  ns 0 o
0000498: 01101110 00100000 01110011 01110101 01100011 01100011  n succ
000049e: 01100101 01110011 01110011 00101100 00100000 01101110  ess, n
00004a4: 01101111 01101110 01111010 01100101 01110010 01101111  onzero
00004aa: 00001010 00100000 00100000 00100000 00100000 00100000  .     
00004b0: 00101010 00100000 01101111 01110100 01101000 01100101  * othe
00004b6: 01110010 01110111 01101001 01110011 01100101 00001010  rwise.
00004bc: 00100000 00100000 00100000 00100000 00100000 00101010       *
00004c2: 00101111 00001010 00100000 00100000 00100000 00100000  /.    
00004c8: 01101001 01101110 01110100 00100000 01100101 01110010  int er
00004ce: 01110010 00111101 00110000 00111011 00001010 00100000  r=0;. 
00004d4: 00100000 00100000 00100000 01100101 01111000 01110100     ext
00004da: 01100101 01110010 01101110 00100000 01100011 01101000  ern ch
00004e0: 01100001 01110010 00100000 01101111 01110000 01110100  ar opt
00004e6: 01101001 01101111 01101110 01110011 01011011 00110110  ions[6
00004ec: 01011101 00111011 00001010 00100000 00100000 00100000  ];.   
00004f2: 00100000 00001010 00100000 00100000 00100000 00100000   .    
00004f8: 01101001 01100110 00100000 00101000 01110110 01100001  if (va
00004fe: 01101100 00100000 00111110 00100000 00110010 00110000  l > 20
0000504: 00111001 00110111 00110001 00110101 00110001 00100000  97151 
000050a: 00100110 00100110 00100000 01101111 01110000 01110100  && opt
0000510: 01101001 01101111 01101110 01110011 01011011 01010011  ions[S
0000516: 01011111 01001001 01001110 01000100 01000101 01011000  _INDEX
000051c: 01011101 00100000 00111101 00111101 00100000 00110001  ] == 1
0000522: 00101001 00100000 01111011 00001010 00100000 00100000  ) {.  
0000528: 00100000 00100000 00100000 00100000 00100000 00100000        
000052e: 01110010 01100101 01110100 01110101 01110010 01101110  return
0000534: 00100000 00101101 00110001 00111011 00001010 00100000   -1;. 
000053a: 00100000 00100000 00100000 01111101 00001010 00001010     }..
0000540: 00100000 00100000 00100000 00100000 01101001 01100110      if
0000546: 00100000 00101000 00100000 01110110 01100001 01101100   ( val
000054c: 00100000 00111100 00100000 00110010 00110000 00111001   < 209
0000552: 00110111 00110001 00110101 00110001 00100000 01111100  7151 |
0000558: 01111100 00100000 01101111 01110000 01110100 01101001  | opti
000055e: 01101111 01101110 01110011 01011011 00110100 01011101  ons[4]
0000564: 00100000 00111101 00111101 00100000 00110001 00101001   == 1)
000056a: 00100000 01111011 00001010 00100000 00100000 00100000   {.   
0000570: 00100000 00100000 00100000 00100000 00100000 01110011       s
0000576: 01110000 01110010 01101001 01101110 01110100 01100110  printf
000057c: 00101000 01110111 01101000 01100101 01110010 01100101  (where
0000582: 00101100 00100000 00100010 00100101 00110000 00110111  , "%07
0000588: 01101111 00100010 00101100 00100000 01110110 01100001  o", va
000058e: 01101100 00101001 00111011 00001010 00100000 00100000  l);.  
0000594: 00100000 00100000 01111101 00100000 01100101 01101100    } el
000059a: 01110011 01100101 00100000 01111011 00001010 00100000  se {. 
00005a0: 00100000 00100000 00100000 00100000 00100000 00100000        
00005a6: 00100000 01101001 01100110 00100000 00101000 00100000   if ( 
00005ac: 01110110 01100001 01101100 00100000 00111100 00100000  val < 
00005b2: 00110000 00100000 01111100 01111100 00100000 00101000  0 || (
00005b8: 00100000 01110011 01101001 01111010 01100101 00100000   size 
00005be: 00111100 00100000 01110011 01101001 01111010 01100101  < size
00005c4: 01101111 01100110 00101000 01110110 01100001 01101100  of(val
00005ca: 00101001 00101001 00100000 00100000 00101001 00100000  ))  ) 
00005d0: 01111011 00001010 00100000 00100000 00100000 00100000  {.    
00005d6: 00100000 00100000 00100000 00100000 00100000 00100000        
00005dc: 00100000 00100000 00101111 00101010 00100000 01101001    /* i
00005e2: 01100110 00100000 01101001 01110100 00100111 01110011  f it's
00005e8: 00100000 01101110 01100101 01100111 01100001 01110100   negat
00005ee: 01101001 01110110 01100101 00101100 00100000 01100010  ive, b
00005f4: 01101001 01110100 00100000 00110011 00110001 00100000  it 31 
00005fa: 01101001 01110011 00100000 01110011 01100101 01110100  is set
0000600: 00100000 01100001 01101110 01100100 00100000 01110111   and w
0000606: 01100101 00100000 01100011 01100001 01101110 00100111  e can'
000060c: 01110100 00100000 01110101 01110011 01100101 00100000  t use 
0000612: 01110100 01101000 01100101 00100000 01100110 01101100  the fl
0000618: 01100001 01100111 00001010 00100000 00100000 00100000  ag.   
000061e: 00100000 00100000 00100000 00100000 00100000 00100000        
0000624: 00100000 00100000 00100000 00100000 00101010 00100000      * 
000062a: 01101001 01100110 00100000 01101100 01100101 01101110  if len
0000630: 00100000 01101001 01110011 00100000 01110100 01101111   is to
0000636: 01101111 00100000 01110011 01101101 01100001 01101100  o smal
000063c: 01101100 00101100 00100000 01110111 01100101 00100000  l, we 
0000642: 01100011 01100001 01101110 00100111 01110100 00100000  can't 
0000648: 01110111 01110010 01101001 01110100 01100101 00100000  write 
000064e: 01101001 01110100 00101110 00100000 00100000 01000101  it.  E
0000654: 01101001 01110100 01101000 01100101 01110010 00100000  ither 
000065a: 01110111 01100001 01111001 00101100 00100000 01110111  way, w
0000660: 01100101 00100111 01110010 01100101 00001010 00100000  e're. 
0000666: 00100000 00100000 00100000 00100000 00100000 00100000        
000066c: 00100000 00100000 00100000 00100000 00100000 00100000        
0000672: 00101010 00100000 01100100 01101111 01101110 01100101  * done
0000678: 00101110 00001010 00100000 00100000 00100000 00100000  ..    
000067e: 00100000 00100000 00100000 00100000 00100000 00100000        
0000684: 00100000 00100000 00100000 00101010 00101111 00001010     */.
000068a: 00100000 00100000 00100000 00100000 00100000 00100000        
0000690: 00100000 00100000 00100000 00100000 00100000 00100000        
0000696: 01100101 01110010 01110010 00101011 00101011 00111011  err++;
000069c: 00001010 00100000 00100000 00100000 00100000 00100000  .     
00006a2: 00100000 00100000 00100000 01111101 00100000 01100101     } e
00006a8: 01101100 01110011 01100101 00100000 01111011 00001010  lse {.
00006ae: 00100000 00100000 00100000 00100000 00100000 00100000        
00006b4: 00100000 00100000 00100000 00100000 00100000 00100000        
00006ba: 00101111 00101010 00100000 01100111 01100001 01101101  /* gam
00006c0: 01100101 00100000 01101111 01101110 00101110 00101110  e on..
00006c6: 00101110 00101110 00101010 00101111 00001010 00100000  ..*/. 
00006cc: 00100000 00100000 00100000 00100000 00100000 00100000        
00006d2: 00100000 00100000 00100000 00100000 00100000 01101101       m
00006d8: 01100101 01101101 01110011 01100101 01110100 00101000  emset(
00006de: 01110111 01101000 01100101 01110010 01100101 00101100  where,
00006e4: 00100000 00110000 00101100 00100000 01110011 01101001   0, si
00006ea: 01111010 01100101 00101001 00111011 00100000 00100000  ze);  
00006f0: 00100000 00100000 00100000 00101111 00101010 00100000     /* 
00006f6: 00100000 00100000 01000011 01101100 01100101 01100001    Clea
00006fc: 01110010 00100000 01101111 01110101 01110100 00100000  r out 
0000702: 01110100 01101000 01100101 00100000 01100010 01110101  the bu
0000708: 01100110 01100110 01100101 01110010 00100000 00100000  ffer  
000070e: 00101010 00101111 00001010 00100000 00100000 00100000  */.   
0000714: 00100000 00100000 00100000 00100000 00100000 00100000        
000071a: 00100000 00100000 00100000 00101010 00101000 01101001     *(i
0000720: 01101110 01110100 00110011 00110010 01011111 01110100  nt32_t
0000726: 00100000 00101010 00101001 00101000 01110111 01101000   *)(wh
000072c: 01100101 01110010 01100101 00101011 01110011 01101001  ere+si
0000732: 01111010 01100101 00101101 01110011 01101001 01111010  ze-siz
0000738: 01100101 01101111 01100110 00101000 01110110 01100001  eof(va
000073e: 01101100 00101001 00101001 00100000 00111101 00100000  l)) = 
0000744: 01101000 01110100 01101111 01101110 01101100 00101000  htonl(
000074a: 01110110 01100001 01101100 00101001 00111011 00001010  val);.
0000750: 00100000 00100000 00100000 00100000 00100000 00100000        
0000756: 00100000 00100000 00100000 00100000 00100000 00100000        
000075c: 00101010 01110111 01101000 01100101 01110010 01100101  *where
0000762: 00100000 01111100 00111101 00100000 00110000 01111000   |= 0x
0000768: 00111000 00110000 00111011 00100000 00100000 00100000  80;   
000076e: 00100000 00100000 00100000 00100000 00100000 00100000        
0000774: 00100000 00100000 00100000 00100000 00101111 00101010      /*
000077a: 00100000 01110011 01100101 01110100 00100000 01110100   set t
0000780: 01101000 01100001 01110100 00100000 01101000 01101001  hat hi
0000786: 01100111 01101000 00101101 01101111 01110010 01100100  gh-ord
000078c: 01100101 01110010 00100000 01100010 01101001 01110100  er bit
0000792: 00100000 00101010 00101111 00001010 00100000 00100000   */.  
0000798: 00100000 00100000 00100000 00100000 00100000 00100000        
000079e: 01111101 00001010 00100000 00100000 00100000 00100000  }.    
00007a4: 01111101 00001010 00001010 00100000 00100000 00100000  }..   
00007aa: 00100000 01110010 01100101 01110100 01110101 01110010   retur
00007b0: 01101110 00100000 01100101 01110010 01110010 00111011  n err;
00007b6: 00001010 01111101 00001010 00000000 00000000 00000000  .}....
00007bc: 00000000 00000000 00000000 00000000 00000000 00000000  ......
00007c2: 00000000 00000000 00000000 00000000 00000000 00000000  ......
00007c8: 00000000 00000000 00000000 00000000 00000000 00000000  ......
00007ce: 00000000 00000000 00000000 00000000 00000000 00000000  ......
00007d4: 00000000 00000000 00000000 00000000 00000000 00000000  ......
00007da: 00000000 00000000 00000000 00000000 00000000 00000000  ......
00007e0: 00000000 00000000 00000000 00000000 00000000 00000000  ......
00007e6: 00000000 00000000 00000000 00000000 00000000 00000000  ......
00007ec: 00000000 00000000 00000000 00000000 00000000 00000000  ......
00007f2: 00000000 00000000 00000000 00000000 00000000 00000000  ......
00007f8: 00000000 00000000 00000000 00000000 00000000 00000000  ......
00007fe: 00000000 00000000 00000000 00000000 00000000 00000000  ......
0000804: 00000000 00000000 00000000 00000000 00000000 00000000  ......
000080a: 00000000 00000000 00000000 00000000 00000000 00000000  ......
0000810: 00000000 00000000 00000000 00000000 00000000 00000000  ......
0000816: 00000000 00000000 00000000 00000000 00000000 00000000  ......
000081c: 00000000 00000000 00000000 00000000 00000000 00000000  ......
0000822: 00000000 00000000 00000000 00000000 00000000 00000000  ......
0000828: 00000000 00000000 00000000 00000000 00000000 00000000  ......
000082e: 00000000 00000000 00000000 00000000 00000000 00000000  ......
0000834: 00000000 00000000 00000000 00000000 00000000 00000000  ......
000083a: 00000000 00000000 00000000 00000000 00000000 00000000  ......
0000840: 00000000 00000000 00000000 00000000 00000000 00000000  ......
0000846: 00000000 00000000 00000000 00000000 00000000 00000000  ......
000084c: 00000000 00000000 00000000 00000000 00000000 00000000  ......
0000852: 00000000 00000000 00000000 00000000 00000000 00000000  ......
0000858: 00000000 00000000 00000000 00000000 00000000 00000000  ......
000085e: 00000000 00000000 00000000 00000000 00000000 00000000  ......
0000864: 00000000 00000000 00000000 00000000 00000000 00000000  ......
000086a: 00000000 00000000 00000000 00000000 00000000 00000000  ......
0000870: 00000000 00000000 00000000 00000000 00000000 00000000  ......
0000876: 00000000 00000000 00000000 00000000 00000000 00000000  ......
000087c: 00000000 00000000 00000000 00000000 00000000 00000000  ......
0000882: 00000000 00000000 00000000 00000000 00000000 00000000  ......
0000888: 00000000 00000000 00000000 00000000 00000000 00000000  ......
000088e: 00000000 00000000 00000000 00000000 00000000 00000000  ......
0000894: 00000000 00000000 00000000 00000000 00000000 00000000  ......
000089a: 00000000 00000000 00000000 00000000 00000000 00000000  ......
00008a0: 00000000 00000000 00000000 00000000 00000000 00000000  ......
00008a6: 00000000 00000000 00000000 00000000 00000000 00000000  ......
00008ac: 00000000 00000000 00000000 00000000 00000000 00000000  ......
00008b2: 00000000 00000000 00000000 00000000 00000000 00000000  ......
00008b8: 00000000 00000000 00000000 00000000 00000000 00000000  ......
00008be: 00000000 00000000 00000000 00000000 00000000 00000000  ......
00008c4: 00000000 00000000 00000000 00000000 00000000 00000000  ......
00008ca: 00000000 00000000 00000000 00000000 00000000 00000000  ......
00008d0: 00000000 00000000 00000000 00000000 00000000 00000000  ......
00008d6: 00000000 00000000 00000000 00000000 00000000 00000000  ......
00008dc: 00000000 00000000 00000000 00000000 00000000 00000000  ......
00008e2: 00000000 00000000 00000000 00000000 00000000 00000000  ......
00008e8: 00000000 00000000 00000000 00000000 00000000 00000000  ......
00008ee: 00000000 00000000 00000000 00000000 00000000 00000000  ......
00008f4: 00000000 00000000 00000000 00000000 00000000 00000000  ......
00008fa: 00000000 00000000 00000000 00000000 00000000 00000000  ......
0000900: 00000000 00000000 00000000 00000000 00000000 00000000  ......
0000906: 00000000 00000000 00000000 00000000 00000000 00000000  ......
000090c: 00000000 00000000 00000000 00000000 00000000 00000000  ......
0000912: 00000000 00000000 00000000 00000000 00000000 00000000  ......
0000918: 00000000 00000000 00000000 00000000 00000000 00000000  ......
000091e: 00000000 00000000 00000000 00000000 00000000 00000000  ......
0000924: 00000000 00000000 00000000 00000000 00000000 00000000  ......
000092a: 00000000 00000000 00000000 00000000 00000000 00000000  ......
0000930: 00000000 00000000 00000000 00000000 00000000 00000000  ......
0000936: 00000000 00000000 00000000 00000000 00000000 00000000  ......
000093c: 00000000 00000000 00000000 00000000 00000000 00000000  ......
0000942: 00000000 00000000 00000000 00000000 00000000 00000000  ......
0000948: 00000000 00000000 00000000 00000000 00000000 00000000  ......
000094e: 00000000 00000000 00000000 00000000 00000000 00000000  ......
0000954: 00000000 00000000 00000000 00000000 00000000 00000000  ......
000095a: 00000000 00000000 00000000 00000000 00000000 00000000  ......
0000960: 00000000 00000000 00000000 00000000 00000000 00000000  ......
0000966: 00000000 00000000 00000000 00000000 00000000 00000000  ......
000096c: 00000000 00000000 00000000 00000000 00000000 00000000  ......
0000972: 00000000 00000000 00000000 00000000 00000000 00000000  ......
0000978: 00000000 00000000 00000000 00000000 00000000 00000000  ......
000097e: 00000000 00000000 00000000 00000000 00000000 00000000  ......
0000984: 00000000 00000000 00000000 00000000 00000000 00000000  ......
000098a: 00000000 00000000 00000000 00000000 00000000 00000000  ......
0000990: 00000000 00000000 00000000 00000000 00000000 00000000  ......
0000996: 00000000 00000000 00000000 00000000 00000000 00000000  ......
000099c: 00000000 00000000 00000000 00000000 00000000 00000000  ......
00009a2: 00000000 00000000 00000000 00000000 00000000 00000000  ......
00009a8: 00000000 00000000 00000000 00000000 00000000 00000000  ......
00009ae: 00000000 00000000 00000000 00000000 00000000 00000000  ......
00009b4: 00000000 00000000 00000000 00000000 00000000 00000000  ......
00009ba: 00000000 00000000 00000000 00000000 00000000 00000000  ......
00009c0: 00000000 00000000 00000000 00000000 00000000 00000000  ......
00009c6: 00000000 00000000 00000000 00000000 00000000 00000000  ......
00009cc: 00000000 00000000 00000000 00000000 00000000 00000000  ......
00009d2: 00000000 00000000 00000000 00000000 00000000 00000000  ......
00009d8: 00000000 00000000 00000000 00000000 00000000 00000000  ......
00009de: 00000000 00000000 00000000 00000000 00000000 00000000  ......
00009e4: 00000000 00000000 00000000 00000000 00000000 00000000  ......
00009ea: 00000000 00000000 00000000 00000000 00000000 00000000  ......
00009f0: 00000000 00000000 00000000 00000000 00000000 00000000  ......
00009f6: 00000000 00000000 00000000 00000000 00000000 00000000  ......
00009fc: 00000000 00000000 00000000 00000000 00000000 00000000  ......
0000a02: 00000000 00000000 00000000 00000000 00000000 00000000  ......
0000a08: 00000000 00000000 00000000 00000000 00000000 00000000  ......
0000a0e: 00000000 00000000 00000000 00000000 00000000 00000000  ......
0000a14: 00000000 00000000 00000000 00000000 00000000 00000000  ......
0000a1a: 00000000 00000000 00000000 00000000 00000000 00000000  ......
0000a20: 00000000 00000000 00000000 00000000 00000000 00000000  ......
0000a26: 00000000 00000000 00000000 00000000 00000000 00000000  ......
0000a2c: 00000000 00000000 00000000 00000000 00000000 00000000  ......
0000a32: 00000000 00000000 00000000 00000000 00000000 00000000  ......
0000a38: 00000000 00000000 00000000 00000000 00000000 00000000  ......
0000a3e: 00000000 00000000 00000000 00000000 00000000 00000000  ......
0000a44: 00000000 00000000 00000000 00000000 00000000 00000000  ......
0000a4a: 00000000 00000000 00000000 00000000 00000000 00000000  ......
0000a50: 00000000 00000000 00000000 00000000 00000000 00000000  ......
0000a56: 00000000 00000000 00000000 00000000 00000000 00000000  ......
0000a5c: 00000000 00000000 00000000 00000000 00000000 00000000  ......
0000a62: 00000000 00000000 00000000 00000000 00000000 00000000  ......
0000a68: 00000000 00000000 00000000 00000000 00000000 00000000  ......
0000a6e: 00000000 00000000 00000000 00000000 00000000 00000000  ......
0000a74: 00000000 00000000 00000000 00000000 00000000 00000000  ......
0000a7a: 00000000 00000000 00000000 00000000 00000000 00000000  ......
0000a80: 00000000 00000000 00000000 00000000 00000000 00000000  ......
0000a86: 00000000 00000000 00000000 00000000 00000000 00000000  ......
0000a8c: 00000000 00000000 00000000 00000000 00000000 00000000  ......
0000a92: 00000000 00000000 00000000 00000000 00000000 00000000  ......
0000a98: 00000000 00000000 00000000 00000000 00000000 00000000  ......
0000a9e: 00000000 00000000 00000000 00000000 00000000 00000000  ......
0000aa4: 00000000 00000000 00000000 00000000 00000000 00000000  ......
0000aaa: 00000000 00000000 00000000 00000000 00000000 00000000  ......
0000ab0: 00000000 00000000 00000000 00000000 00000000 00000000  ......
0000ab6: 00000000 00000000 00000000 00000000 00000000 00000000  ......
0000abc: 00000000 00000000 00000000 00000000 00000000 00000000  ......
0000ac2: 00000000 00000000 00000000 00000000 00000000 00000000  ......
0000ac8: 00000000 00000000 00000000 00000000 00000000 00000000  ......
0000ace: 00000000 00000000 00000000 00000000 00000000 00000000  ......
0000ad4: 00000000 00000000 00000000 00000000 00000000 00000000  ......
0000ada: 00000000 00000000 00000000 00000000 00000000 00000000  ......
0000ae0: 00000000 00000000 00000000 00000000 00000000 00000000  ......
0000ae6: 00000000 00000000 00000000 00000000 00000000 00000000  ......
0000aec: 00000000 00000000 00000000 00000000 00000000 00000000  ......
0000af2: 00000000 00000000 00000000 00000000 00000000 00000000  ......
0000af8: 00000000 00000000 00000000 00000000 00000000 00000000  ......
0000afe: 00000000 00000000 00000000 00000000 00000000 00000000  ......
0000b04: 00000000 00000000 00000000 00000000 00000000 00000000  ......
0000b0a: 00000000 00000000 00000000 00000000 00000000 00000000  ......
0000b10: 00000000 00000000 00000000 00000000 00000000 00000000  ......
0000b16: 00000000 00000000 00000000 00000000 00000000 00000000  ......
0000b1c: 00000000 00000000 00000000 00000000 00000000 00000000  ......
0000b22: 00000000 00000000 00000000 00000000 00000000 00000000  ......
0000b28: 00000000 00000000 00000000 00000000 00000000 00000000  ......
0000b2e: 00000000 00000000 00000000 00000000 00000000 00000000  ......
0000b34: 00000000 00000000 00000000 00000000 00000000 00000000  ......
0000b3a: 00000000 00000000 00000000 00000000 00000000 00000000  ......
0000b40: 00000000 00000000 00000000 00000000 00000000 00000000  ......
0000b46: 00000000 00000000 00000000 00000000 00000000 00000000  ......
0000b4c: 00000000 00000000 00000000 00000000 00000000 00000000  ......
0000b52: 00000000 00000000 00000000 00000000 00000000 00000000  ......
0000b58: 00000000 00000000 00000000 00000000 00000000 00000000  ......
0000b5e: 00000000 00000000 00000000 00000000 00000000 00000000  ......
0000b64: 00000000 00000000 00000000 00000000 00000000 00000000  ......
0000b6a: 00000000 00000000 00000000 00000000 00000000 00000000  ......
0000b70: 00000000 00000000 00000000 00000000 00000000 00000000  ......
0000b76: 00000000 00000000 00000000 00000000 00000000 00000000  ......
0000b7c: 00000000 00000000 00000000 00000000 00000000 00000000  ......
0000b82: 00000000 00000000 00000000 00000000 00000000 00000000  ......
0000b88: 00000000 00000000 00000000 00000000 00000000 00000000  ......
0000b8e: 00000000 00000000 00000000 00000000 00000000 00000000  ......
0000b94: 00000000 00000000 00000000 00000000 00000000 00000000  ......
0000b9a: 00000000 00000000 00000000 00000000 00000000 00000000  ......
0000ba0: 00000000 00000000 00000000 00000000 00000000 00000000  ......
0000ba6: 00000000 00000000 00000000 00000000 00000000 00000000  ......
0000bac: 00000000 00000000 00000000 00000000 00000000 00000000  ......
0000bb2: 00000000 00000000 00000000 00000000 00000000 00000000  ......
0000bb8: 00000000 00000000 00000000 00000000 00000000 00000000  ......
0000bbe: 00000000 00000000 00000000 00000000 00000000 00000000  ......
0000bc4: 00000000 00000000 00000000 00000000 00000000 00000000  ......
0000bca: 00000000 00000000 00000000 00000000 00000000 00000000  ......
0000bd0: 00000000 00000000 00000000 00000000 00000000 00000000  ......
0000bd6: 00000000 00000000 00000000 00000000 00000000 00000000  ......
0000bdc: 00000000 00000000 00000000 00000000 00000000 00000000  ......
0000be2: 00000000 00000000 00000000 00000000 00000000 00000000  ......
0000be8: 00000000 00000000 00000000 00000000 00000000 00000000  ......
0000bee: 00000000 00000000 00000000 00000000 00000000 00000000  ......
0000bf4: 00000000 00000000 00000000 00000000 00000000 00000000  ......
0000bfa: 00000000 00000000 00000000 00000000 00000000 00000000  ......
0000c00: 00001010                                               .
